% % East Sea polygon for masking
espolygon = ...
    [130.2, 33.3;
     129.4, 35.5;
     129, 35.5;
     127, 39;
     127, 42;
     132, 44;
     140, 52;
     142.5, 52;
     142.3, 47;
     142, 46.5;
     142, 45;
     142, 43;
     141, 43;
     141, 42.8;
     140.2, 42.6;
     140.2, 42.2;
     140.4, 41.8;
     140.5, 41;
     140.5, 38;
     137, 36;
     136, 35;
     133, 35;
     131, 34];
 
 % % South Sea polygon for masking
 sspolygon = ...
     [130.2, 33.3;
      129.4, 35.5;
      125.5, 34.5;
      125.5, 32.6;
      128.6 32.6];
 
  % % Yellow Sea polygon for masking
  yspolygon = ...
      [125.5, 32.6;
       125.5, 34.5;
       126.6, 34.5;
       127, 35;
       127.5, 36;
       127.5, 38;
       126, 40;
       122, 41;
       116, 41;
       116, 38;
       116, 32.6];
   
 % % East China Sea polygon for masking
   ecspolygon = ...
       [116, 32.6;
        126, 32.6
        128.6, 32.6;
        121.5, 25;
        116, 25];

% % Kuro polygon for masking (for DA)
   kuropolygon = ...
       [135.0, 32.0;
        135.0, 48.0
        150.0, 48.0;
        150.0, 32.0];

% % EKWC for masking (for DA)
   ekwcpolygon = ...
       [128.0, 40.0;
        133.0, 40.0
        133.0, 35.0;
        128.0, 35.0];
 
 % % North Korean coast polygon for walleye pollack
   nkcpolygon = ...
       [128.5, 40.0;
        128.7, 40.0;
	129.9, 41.0;
	128.5, 41.0];

 % % South Korean coast polygon for walleye pollack
   skcpolygon = ...
       [128.5, 38.5;
        128.7, 38.5;
	129.9, 37.5;
	128.5, 37.5];

 % % Wonsan Bay polygon for walleye pollack
   wbpolygon = ...
       [128.4, 38.5;
        128.4, 40.0;
	127.0, 40.0;
	127.0, 38.5];
